0 0 -2.6713000000000005
0 3 3.7638586855778735
0 4 -3.7638586855778735
0 5 -2.3986297010721493
0 7 0.5966341818903775
0 8 1.3652289845057246
0 10 2.0541627955500079
0 11 0.5966341818903775
0 14 -0.6889338110442831
0 15 -1.7096958900278663
0 21 -1.7096958900278663
0 22 -0.6889338110442831
0 25 0.5966341818903775
0 26 2.0541627955500079
0 31 3.7638586855778735
0 36 1.3652289845057246
0 37 0.5966341818903775
0 39 -2.3986297010721493
0 41 -3.7638586855778735
1 1 -3.0554875000000017
1 2 -1.0019000000000002
1 3 -1.1027499999999999
1 4 -1.1027499999999999
1 5 -1.9009985491795480
1 7 0.1758039945998195
1 9 -1.3652289845057246
1 10 -0.1015004836068173
1 12 -0.5966341818903775
1 13 -2.0813625000000004
1 14 1.3918953524922026
1 16 1.7096958900278663
1 20 -1.0789250000000006
1 21 0.5091031966873456
1 23 0.6889338110442831
1 25 -1.7342150334467601
1 26 -0.4921463197058372
1 32 3.7638586855778735
1 36 -0.7982485491795480
1 37 0.8524224304885460
1 40 -2.3986297010721493
1 42 -3.7638586855778735
2 1 -1.0019000000000002
2 2 -3.0554875000000017
2 3 -1.1027499999999999
2 4 -1.1027499999999999
2 6 -2.3986297010721493
2 7 0.8524224304885460
2 8 -0.7982485491795480
2 10 -0.4921463197058372
2 11 -1.7342150334467601
2 13 -1.0789250000000006
2 15 0.5091031966873456
2 16 0.6889338110442831
2 20 -2.0813625000000004
2 22 1.3918953524922026
2 23 1.7096958900278663
2 26 -0.1015004836068173
2 27 -0.5966341818903775
2 33 3.7638586855778735
2 37 0.1758039945998195
2 38 -1.3652289845057246
2 39 -1.9009985491795480
2 43 -3.7638586855778735
3 0 3.7638586855778735
3 1 -1.1027499999999999
3 2 -1.1027499999999999
3 3 -4.5142750000000023
3 4 1.0430999999999997
3 6 1.9009985491795480
3 7 -0.9343764587781258
3 9 -0.7982485491795480
3 10 -2.6208250000000004
3 12 -1.7342150334467601
3 14 1.0789250000000006
3 15 2.0813625000000004
3 16 1.9009985491795480
3 21 2.0813625000000004
3 22 1.0789250000000006
3 23 1.9009985491795480
3 26 -2.6208250000000004
3 27 -1.7342150334467601
3 34 3.7638586855778735
3 37 -0.9343764587781258
3 38 -0.7982485491795480
3 40 1.9009985491795480
3 44 -3.7638586855778735
4 0 -3.7638586855778735
4 1 -1.1027499999999999
4 2 -1.1027499999999999
4 3 1.0430999999999997
4 4 -4.5142750000000023
4 5 -3.1602874999999999
4 6 -1.9009985491795480
4 8 1.5419000000000000
4 9 1.1027500000000001
4 11 0.9343764587781258
4 12 1.5584110388469403
4 17 -1.9009985491795480
4 24 -1.9009985491795480
4 25 0.9343764587781258
4 27 1.5584110388469403
4 35 3.7638586855778735
4 36 1.5419000000000000
4 38 1.1027500000000001
4 39 -3.1602874999999999
4 40 -1.9009985491795480
4 45 -3.7638586855778735
5 0 -2.3986297010721493
5 1 -1.9009985491795480
5 4 -3.1602874999999999
5 5 -4.6294800000000027
5 6 -2.5116022294737106
5 7 0.0667056067264966
5 8 -2.2982500000000003
5 9 -0.4921463197058372
5 10 -0.0091650000000003
5 11 0.0667056067264966
5 12 1.5584110388469403
5 18 -2.5116022294737106
5 19 -1.7096958900278663
5 20 -1.9009985491795480
5 21 -1.0522650000000002
5 24 -1.9009985491795480
5 28 1.5584110388469403
5 29 -0.4921463197058372
5 30 2.0541627955500079
5 36 -0.9007550000000002
5 41 -3.1602874999999999
5 42 -1.9009985491795480
5 45 -2.3986297010721493
6 2 -2.3986297010721493
6 3 1.9009985491795480
6 4 -1.9009985491795480
6 5 -2.5116022294737106
6 6 -5.3826375000000022
6 7 -0.8524224304885460
6 8 0.4921463197058372
6 9 0.0770250000000002
6 10 0.7982485491795480
6 11 1.7342150334467601
6 12 -1.2256337924518885
6 18 -1.0789250000000006
6 19 -2.0024990327863650
6 22 -1.9009985491795480
6 23 1.0522650000000002
6 24 -1.9530200000000002
6 28 0.9343764587781258
6 29 2.6208250000000004
6 30 -0.1015004836068173
6 38 0.9007550000000002
6 43 -3.1602874999999999
6 44 1.9009985491795480
6 45 -1.9009985491795480
7 0 0.5966341818903775
7 1 0.1758039945998195
7 2 0.8524224304885460
7 3 -0.9343764587781258
7 5 0.0667056067264966
7 6 -0.8524224304885460
7 7 -4.8560700000000008
7 8 -0.8676708520516290
7 9 -1.9100190280465792
7 10 -0.8676708520516290
7 13 -1.7342150334467601
7 14 -1.2256337924518885
7 15 0.0667056067264966
7 16 1.5584110388469403
7 18 1.7342150334467601
7 19 0.5966341818903775
7 25 -1.9530200000000002
7 27 -1.9009985491795480
7 28 -1.5103527130805283
7 41 0.9343764587781258
7 42 -0.1758039945998195
7 43 -0.8524224304885460
7 44 -0.5966341818903775
8 0 1.3652289845057246
8 2 -0.7982485491795480
8 4 1.5419000000000000
8 5 -2.2982500000000003
8 6 0.4921463197058372
8 7 -0.8676708520516290
8 8 -1.3927050000000030
8 9 -0.4921463197058370
8 11 -0.8676708520516290
8 13 -0.7982485491795480
8 15 -0.0091650000000003
8 17 -1.1027500000000001
8 18 0.4921463197058372
8 19 2.0541627955500079
8 26 -1.0522650000000002
8 29 -0.4921463197058370
8 30 -1.7096958900278663
8 39 -0.9007550000000002
8 41 1.5419000000000000
8 43 -1.1027500000000001
8 45 1.3652289845057246
9 1 -1.3652289845057246
9 3 -0.7982485491795480
9 4 1.1027500000000001
9 5 -0.4921463197058372
9 6 0.0770250000000002
9 7 -1.9100190280465792
9 8 -0.4921463197058370
9 9 -4.8256800000000029
9 12 -0.8676708520516290
9 14 0.7982485491795480
9 16 -0.0091650000000003
9 17 -3.0144499999999992
9 18 2.6208250000000004
9 19 0.1015004836068173
9 26 -1.9009985491795480
9 29 -1.0789250000000006
9 30 -1.0012495163931825
9 40 0.9007550000000002
9 42 -1.5419000000000000
9 44 -1.1027500000000001
9 45 0.7982485491795480
10 0 2.0541627955500079
10 1 -0.1015004836068173
10 2 -0.4921463197058372
10 3 -2.6208250000000004
10 5 -0.0091650000000003
10 6 0.7982485491795480
10 7 -0.8676708520516290
10 10 -4.9657950000000035
10 11 -0.8676708520516290
10 12 -1.9100190280465792
10 13 -0.4921463197058372
10 14 0.0770250000000002
10 15 -2.2982500000000003
10 16 -0.4921463197058372
10 18 0.7982485491795480
10 19 1.3652289845057246
10 20 -0.1015004836068173
10 21 -2.3159950000000000
10 22 0.0770250000000002
10 23 -0.1015004836068173
10 28 -1.9100190280465792
10 31 -2.6208250000000004
10 32 -0.1015004836068173
10 33 -0.4921463197058372
10 34 2.0541627955500079
10 36 -1.0522650000000002
10 38 -1.9009985491795480
10 46 -1.9009985491795480
10 48 -2.3986297010721493
11 0 0.5966341818903775
11 2 -1.7342150334467601
11 4 0.9343764587781258
11 5 0.0667056067264966
11 6 1.7342150334467601
11 8 -0.8676708520516290
11 10 -0.8676708520516290
11 11 -4.8560700000000026
11 12 -1.5103527130805281
11 13 0.8524224304885460
11 15 0.0667056067264966
11 17 -0.8524224304885460
11 18 -0.8524224304885460
11 19 0.5966341818903775
11 20 0.1758039945998195
11 22 -1.2256337924518885
11 24 -0.1758039945998195
11 29 -1.9100190280465792
11 31 -0.9343764587781258
11 33 1.5584110388469403
11 35 -0.5966341818903775
11 37 -1.9530200000000002
11 47 -1.9009985491795480
12 1 -0.5966341818903775
12 3 -1.7342150334467601
12 4 1.5584110388469403
12 5 1.5584110388469403
12 6 -1.2256337924518885
12 9 -0.8676708520516290
12 10 -1.9100190280465792
12 11 -1.5103527130805281
12 12 -7.5129800000000033
12 14 -0.8524224304885460
12 16 0.0667056067264966
12 17 0.0667056067264966
12 18 0.9343764587781258
12 19 -0.1758039945998195
12 21 -0.1758039945998195
12 23 -1.2256337924518885
12 24 -1.2256337924518885
12 30 -1.9100190280465792
12 32 0.9343764587781258
12 34 1.5584110388469403
12 35 -1.7342150334467601
12 37 -1.9009985491795480
12 47 -3.1602874999999999
13 1 -2.0813625000000004
13 2 -1.0789250000000006
13 7 -1.7342150334467601
13 8 -0.7982485491795480
13 10 -0.4921463197058372
13 11 0.8524224304885460
13 13 -3.0554875000000017
13 14 1.3918953524922026
13 15 0.5091031966873456
13 16 3.7638586855778735
13 17 -3.7638586855778735
13 18 -2.3986297010721493
13 20 -1.0019000000000002
13 25 0.1758039945998195
13 26 -0.1015004836068173
13 31 -1.1027499999999999
13 32 1.7096958900278663
13 33 0.6889338110442831
13 39 -1.9009985491795480
13 41 -1.1027499999999999
13 46 -1.3652289845057246
13 47 -0.5966341818903775
14 0 -0.6889338110442831
14 1 1.3918953524922026
14 3 1.0789250000000006
14 7 -1.2256337924518885
14 9 0.7982485491795480
14 10 0.0770250000000002
14 12 -0.8524224304885460
14 13 1.3918953524922026
14 14 -7.5167100000000033
14 15 -1.0019000000000002
14 16 -1.6118531966873455
14 17 -1.1027499999999999
14 18 -1.9009985491795480
14 21 -1.0019000000000002
14 25 -1.2256337924518885
14 26 0.0770250000000002
14 31 1.0789250000000006
14 32 -1.6118531966873453
14 34 -0.6889338110442831
14 40 -1.9009985491795480
14 42 -1.1027499999999999
14 46 0.7982485491795480
14 47 -0.8524224304885460
15 0 -1.7096958900278663
15 2 0.5091031966873456
15 3 2.0813625000000004
15 7 0.0667056067264966
15 8 -0.0091650000000003
15 10 -2.2982500000000003
15 11 0.0667056067264966
15 13 0.5091031966873456
15 14 -1.0019000000000002
15 15 -3.8868700000000018
15 16 -2.4946453524922028
15 17 -1.1027499999999999
15 19 -2.3986297010721493
15 22 -1.0019000000000002
15 26 -2.3159950000000000
15 27 -0.1758039945998195
15 31 2.0813625000000004
15 33 -2.4946453524922028
15 34 -1.7096958900278663
15 39 -1.0522650000000002
15 43 -1.1027499999999999
15 47 -0.1758039945998195
15 48 1.3652289845057246
16 1 1.7096958900278663
16 2 0.6889338110442831
16 3 1.9009985491795480
16 7 1.5584110388469403
16 9 -0.0091650000000003
16 10 -0.4921463197058372
16 12 0.0667056067264966
16 13 3.7638586855778735
16 14 -1.6118531966873455
16 15 -2.4946453524922028
16 16 -9.4226925000000001
16 17 1.0430999999999997
16 19 1.9009985491795480
16 23 -1.0019000000000002
16 26 -0.1015004836068173
16 27 -1.2256337924518885
16 32 -2.0813625000000004
16 33 -1.0789250000000006
16 34 -3.0037485491795479
16 40 1.0522650000000002
16 44 -1.1027499999999999
16 47 0.9343764587781258
16 48 0.7982485491795480
17 4 -1.9009985491795480
17 8 -1.1027500000000001
17 9 -3.0144499999999992
17 11 -0.8524224304885460
17 12 0.0667056067264966
17 13 -3.7638586855778735
17 14 -1.1027499999999999
17 15 -1.1027499999999999
17 16 1.0430999999999997
17 17 -6.4174075000000004
17 18 -3.1602874999999999
17 19 -1.9009985491795480
17 24 -1.0019000000000002
17 25 -0.1758039945998195
17 27 -1.2256337924518885
17 35 0.7982485491795482
17 39 -1.9009985491795480
17 40 -1.9530200000000002
17 45 -1.1027499999999999
17 46 -1.5419000000000000
17 48 -1.1027500000000001
18 5 -2.5116022294737106
18 6 -1.0789250000000006
18 7 1.7342150334467601
18 8 0.4921463197058372
18 9 2.6208250000000004
18 10 0.7982485491795480
18 11 -0.8524224304885460
18 12 0.9343764587781258
18 13 -2.3986297010721493
18 14 -1.9009985491795480
18 17 -3.1602874999999999
18 18 -5.3826375000000031
18 19 -2.0024990327863650
18 28 -1.2256337924518885
18 29 0.0770250000000002
18 30 -0.1015004836068173
18 31 1.9009985491795480
18 32 1.0522650000000002
18 35 1.9009985491795480
18 41 -1.9009985491795480
18 42 -1.9530200000000002
18 45 -1.9009985491795480
18 46 0.9007550000000002
19 5 -1.7096958900278663
19 6 -2.0024990327863650
19 7 0.5966341818903775
19 8 2.0541627955500079
19 9 0.1015004836068173
19 10 1.3652289845057246
19 11 0.5966341818903775
19 12 -0.1758039945998195
19 15 -2.3986297010721493
19 16 1.9009985491795480
19 17 -1.9009985491795480
19 18 -2.0024990327863650
19 19 -6.5829900000000023
19 28 -0.1758039945998195
19 29 0.1015004836068173
19 30 -2.3159950000000000
19 33 1.9009985491795480
19 34 -1.0522650000000002
19 35 1.9530200000000002
19 43 -1.9009985491795480
19 44 1.9530200000000002
19 45 -1.0522650000000002
19 48 -0.9007550000000002
20 1 -1.0789250000000006
20 2 -2.0813625000000004
20 5 -1.9009985491795480
20 10 -0.1015004836068173
20 11 0.1758039945998195
20 13 -1.0019000000000002
20 20 -3.0554875000000017
20 21 0.5091031966873456
20 22 1.3918953524922026
20 23 3.7638586855778735
20 24 -3.7638586855778735
20 25 0.8524224304885460
20 26 -0.4921463197058372
20 28 -0.5966341818903775
20 29 -1.3652289845057246
20 31 -1.1027500000000001
20 32 0.6889338110442831
20 33 1.7096958900278663
20 36 -0.7982485491795480
20 37 -1.7342150334467601
20 41 -1.1027499999999999
20 49 -2.3986297010721493
21 0 -1.7096958900278663
21 1 0.5091031966873456
21 3 2.0813625000000004
21 5 -1.0522650000000002
21 10 -2.3159950000000000
21 12 -0.1758039945998195
21 14 -1.0019000000000002
21 20 0.5091031966873456
21 21 -3.8868700000000018
21 22 -1.0019000000000002
21 23 -2.4946453524922028
21 24 -1.1027499999999999
21 25 0.0667056067264966
21 26 -2.2982500000000003
21 28 -0.1758039945998195
21 30 1.3652289845057246
21 31 2.0813625000000004
21 32 -2.4946453524922028
21 34 -1.7096958900278663
21 36 -0.0091650000000001
21 37 0.0667056067264966
21 42 -1.1027499999999999
21 50 -2.3986297010721493
22 0 -0.6889338110442831
22 2 1.3918953524922026
22 3 1.0789250000000006
22 6 -1.9009985491795480
22 10 0.0770250000000002
22 11 -1.2256337924518885
22 15 -1.0019000000000002
22 20 1.3918953524922026
22 21 -1.0019000000000002
22 22 -7.5167100000000033
22 23 -1.6118531966873455
22 24 -1.1027499999999999
22 26 0.0770250000000002
22 27 -0.8524224304885460
22 28 -0.8524224304885460
22 29 0.7982485491795480
22 31 1.0789250000000006
22 33 -1.6118531966873453
22 34 -0.6889338110442831
22 37 -1.2256337924518885
22 38 0.7982485491795480
22 43 -1.1027499999999999
22 49 -1.9009985491795480
23 1 0.6889338110442831
23 2 1.7096958900278663
23 3 1.9009985491795480
23 6 1.0522650000000002
23 10 -0.1015004836068173
23 12 -1.2256337924518885
23 16 -1.0019000000000002
23 20 3.7638586855778735
23 21 -2.4946453524922028
23 22 -1.6118531966873455
23 23 -9.4226925000000001
23 24 1.0430999999999997
23 26 -0.4921463197058372
23 27 0.0667056067264966
23 28 0.9343764587781258
23 30 0.7982485491795480
23 32 -1.0789250000000006
23 33 -2.0813625000000004
23 34 -3.0037485491795479
23 37 1.5584110388469403
23 38 -0.0091650000000001
23 44 -1.1027499999999999
23 50 1.9009985491795480
24 4 -1.9009985491795480
24 5 -1.9009985491795480
24 6 -1.9530200000000002
24 11 -0.1758039945998195
24 12 -1.2256337924518885
24 17 -1.0019000000000002
24 20 -3.7638586855778735
24 21 -1.1027499999999999
24 22 -1.1027499999999999
24 23 1.0430999999999997
24 24 -6.4174075000000004
24 25 -0.8524224304885460
24 27 0.0667056067264966
24 29 -1.5419000000000000
24 30 -1.1027500000000001
24 35 0.7982485491795482
24 36 -1.1027500000000001
24 38 -3.0144499999999992
24 45 -1.1027499999999999
24 49 -3.1602874999999999
24 50 -1.9009985491795480
25 0 0.5966341818903775
25 1 -1.7342150334467601
25 4 0.9343764587781258
25 7 -1.9530200000000002
25 13 0.1758039945998195
25 14 -1.2256337924518885
25 17 -0.1758039945998195
25 20 0.8524224304885460
25 21 0.0667056067264966
25 24 -0.8524224304885460
25 25 -4.8560700000000026
25 26 -0.8676708520516290
25 27 -1.5103527130805281
25 28 -1.9009985491795480
25 31 -0.9343764587781258
25 32 1.5584110388469403
25 35 -0.5966341818903775
25 36 -0.8676708520516290
25 39 0.0667056067264966
25 40 1.7342150334467601
25 46 -1.9100190280465792
25 49 -0.8524224304885460
25 50 0.5966341818903775
26 0 2.0541627955500079
26 1 -0.4921463197058372
26 2 -0.1015004836068173
26 3 -2.6208250000000004
26 8 -1.0522650000000002
26 9 -1.9009985491795480
26 13 -0.1015004836068173
26 14 0.0770250000000002
26 15 -2.3159950000000000
26 16 -0.1015004836068173
26 20 -0.4921463197058372
26 21 -2.2982500000000003
26 22 0.0770250000000002
26 23 -0.4921463197058372
26 25 -0.8676708520516290
26 26 -4.9657950000000035
26 27 -1.9100190280465792
26 29 -1.9009985491795480
26 30 -2.3986297010721493
26 31 -2.6208250000000004
26 32 -0.4921463197058372
26 33 -0.1015004836068173
26 34 2.0541627955500079
26 37 -0.8676708520516290
26 39 -0.0091650000000001
26 40 0.7982485491795480
26 47 -1.9100190280465792
26 49 0.7982485491795480
26 50 1.3652289845057246
27 2 -0.5966341818903775
27 3 -1.7342150334467601
27 4 1.5584110388469403
27 7 -1.9009985491795480
27 15 -0.1758039945998195
27 16 -1.2256337924518885
27 17 -1.2256337924518885
27 22 -0.8524224304885460
27 23 0.0667056067264966
27 24 0.0667056067264966
27 25 -1.5103527130805281
27 26 -1.9100190280465792
27 27 -7.5129800000000033
27 28 -3.1602874999999999
27 33 0.9343764587781258
27 34 1.5584110388469403
27 35 -1.7342150334467601
27 38 -0.8676708520516290
27 39 1.5584110388469403
27 40 -1.2256337924518885
27 48 -1.9100190280465792
27 49 0.9343764587781258
27 50 -0.1758039945998195
28 5 1.5584110388469403
28 6 0.9343764587781258
28 7 -1.5103527130805283
28 10 -1.9100190280465792
28 18 -1.2256337924518885
28 19 -0.1758039945998195
28 20 -0.5966341818903775
28 21 -0.1758039945998195
28 22 -0.8524224304885460
28 23 0.9343764587781258
28 25 -1.9009985491795480
28 27 -3.1602874999999999
28 28 -7.5129799999999989
28 29 -0.8676708520516290
28 30 -1.9100190280465792
28 31 -1.7342150334467601
28 32 -1.2256337924518885
28 33 0.0667056067264966
28 34 1.5584110388469403
28 41 1.5584110388469403
28 42 -1.2256337924518885
28 43 0.0667056067264966
28 44 -1.7342150334467601
29 5 -0.4921463197058372
29 6 2.6208250000000004
29 8 -0.4921463197058370
29 9 -1.0789250000000006
29 11 -1.9100190280465792
29 18 0.0770250000000002
29 19 0.1015004836068173
29 20 -1.3652289845057246
29 22 0.7982485491795480
29 24 -1.5419000000000000
29 26 -1.9009985491795480
29 28 -0.8676708520516290
29 29 -4.8256800000000002
29 30 -1.0012495163931825
29 31 -0.7982485491795480
29 33 -0.0091650000000003
29 35 -1.1027500000000001
29 41 1.1027500000000001
29 43 -3.0144499999999992
29 45 0.7982485491795480
29 49 0.9007550000000002
30 5 2.0541627955500079
30 6 -0.1015004836068173
30 8 -1.7096958900278663
30 9 -1.0012495163931825
30 12 -1.9100190280465792
30 18 -0.1015004836068173
30 19 -2.3159950000000000
30 21 1.3652289845057246
30 23 0.7982485491795480
30 24 -1.1027500000000001
30 26 -2.3986297010721493
30 28 -1.9100190280465792
30 29 -1.0012495163931825
30 30 -8.7058499999999981
30 32 0.7982485491795480
30 34 -0.0091650000000003
30 35 -3.0144499999999992
30 42 -1.1027500000000001
30 44 -3.0144499999999992
30 45 -0.0091650000000001
30 50 -0.9007550000000002
31 0 3.7638586855778735
31 10 -2.6208250000000004
31 11 -0.9343764587781258
31 13 -1.1027499999999999
31 14 1.0789250000000006
31 15 2.0813625000000004
31 18 1.9009985491795480
31 20 -1.1027500000000001
31 21 2.0813625000000004
31 22 1.0789250000000006
31 25 -0.9343764587781258
31 26 -2.6208250000000004
31 28 -1.7342150334467601
31 29 -0.7982485491795480
31 31 -4.5142750000000031
31 32 1.9009985491795480
31 33 1.9009985491795480
31 34 3.7638586855778735
31 35 -3.7638586855778735
31 41 1.0430999999999997
31 46 -0.7982485491795480
31 47 -1.7342150334467601
31 49 1.9009985491795480
32 1 3.7638586855778735
32 10 -0.1015004836068173
32 12 0.9343764587781258
32 13 1.7096958900278663
32 14 -1.6118531966873453
32 16 -2.0813625000000004
32 18 1.0522650000000002
32 20 0.6889338110442831
32 21 -2.4946453524922028
32 23 -1.0789250000000006
32 25 1.5584110388469403
32 26 -0.4921463197058372
32 28 -1.2256337924518885
32 30 0.7982485491795480
32 31 1.9009985491795480
32 32 -9.4226925000000001
32 33 -1.0019000000000002
32 34 -3.0037485491795479
32 35 -1.1027499999999999
32 42 1.0430999999999997
32 46 -0.0091650000000001
32 47 0.0667056067264966
32 50 1.9009985491795480
33 2 3.7638586855778735
33 10 -0.4921463197058372
33 11 1.5584110388469403
33 13 0.6889338110442831
33 15 -2.4946453524922028
33 16 -1.0789250000000006
33 19 1.9009985491795480
33 20 1.7096958900278663
33 22 -1.6118531966873453
33 23 -2.0813625000000004
33 26 -0.1015004836068173
33 27 0.9343764587781258
33 28 0.0667056067264966
33 29 -0.0091650000000003
33 31 1.9009985491795480
33 32 -1.0019000000000002
33 33 -9.4226925000000001
33 34 -3.0037485491795479
33 35 -1.1027499999999999
33 43 1.0430999999999997
33 47 -1.2256337924518885
33 48 0.7982485491795480
33 49 1.0522650000000002
34 3 3.7638586855778735
34 10 2.0541627955500079
34 12 1.5584110388469403
34 14 -0.6889338110442831
34 15 -1.7096958900278663
34 16 -3.0037485491795479
34 19 -1.0522650000000002
34 21 -1.7096958900278663
34 22 -0.6889338110442831
34 23 -3.0037485491795479
34 26 2.0541627955500079
34 27 1.5584110388469403
34 28 1.5584110388469403
34 30 -0.0091650000000003
34 31 3.7638586855778735
34 32 -3.0037485491795479
34 33 -3.0037485491795479
34 34 -15.4057100000000027
34 35 1.0430999999999997
34 44 1.0430999999999997
34 47 1.5584110388469403
34 48 -0.0091650000000001
34 50 -1.0522650000000002
35 4 3.7638586855778735
35 11 -0.5966341818903775
35 12 -1.7342150334467601
35 17 0.7982485491795482
35 18 1.9009985491795480
35 19 1.9530200000000002
35 24 0.7982485491795482
35 25 -0.5966341818903775
35 27 -1.7342150334467601
35 29 -1.1027500000000001
35 30 -3.0144499999999992
35 31 -3.7638586855778735
35 32 -1.1027499999999999
35 33 -1.1027499999999999
35 34 1.0430999999999997
35 35 -9.3951399999999996
35 45 1.0430999999999997
35 46 -1.1027500000000001
35 48 -3.0144499999999992
35 49 1.9009985491795480
35 50 1.9530200000000002
36 0 1.3652289845057246
36 1 -0.7982485491795480
36 4 1.5419000000000000
36 5 -0.9007550000000002
36 10 -1.0522650000000002
36 20 -0.7982485491795480
36 21 -0.0091650000000001
36 24 -1.1027500000000001
36 25 -0.8676708520516290
36 36 -1.3927050000000030
36 37 -0.8676708520516290
36 38 -0.4921463197058370
36 39 -2.2982500000000003
36 40 0.4921463197058372
36 41 1.5419000000000000
36 42 -1.1027500000000001
36 45 1.3652289845057246
36 46 -0.4921463197058370
36 48 -1.7096958900278663
36 49 0.4921463197058372
36 50 2.0541627955500079
37 0 0.5966341818903775
37 1 0.8524224304885460
37 2 0.1758039945998195
37 3 -0.9343764587781258
37 11 -1.9530200000000002
37 12 -1.9009985491795480
37 20 -1.7342150334467601
37 21 0.0667056067264966
37 22 -1.2256337924518885
37 23 1.5584110388469403
37 26 -0.8676708520516290
37 36 -0.8676708520516290
37 37 -4.8560700000000008
37 38 -1.9100190280465792
37 39 0.0667056067264966
37 40 -0.8524224304885460
37 41 0.9343764587781258
37 42 -0.8524224304885460
37 43 -0.1758039945998195
37 44 -0.5966341818903775
37 47 -1.5103527130805283
37 49 1.7342150334467601
37 50 0.5966341818903775
38 2 -1.3652289845057246
38 3 -0.7982485491795480
38 4 1.1027500000000001
38 6 0.9007550000000002
38 10 -1.9009985491795480
38 22 0.7982485491795480
38 23 -0.0091650000000001
38 24 -3.0144499999999992
38 27 -0.8676708520516290
38 36 -0.4921463197058370
38 37 -1.9100190280465792
38 38 -4.8256800000000029
38 39 -0.4921463197058372
38 40 0.0770250000000002
38 43 -1.5419000000000000
38 44 -1.1027500000000001
38 45 0.7982485491795480
38 46 -1.0789250000000006
38 48 -1.0012495163931823
38 49 2.6208250000000004
38 50 0.1015004836068173
39 0 -2.3986297010721493
39 2 -1.9009985491795480
39 4 -3.1602874999999999
39 8 -0.9007550000000002
39 13 -1.9009985491795480
39 15 -1.0522650000000002
39 17 -1.9009985491795480
39 25 0.0667056067264966
39 26 -0.0091650000000001
39 27 1.5584110388469403
39 36 -2.2982500000000003
39 37 0.0667056067264966
39 38 -0.4921463197058372
39 39 -4.6294800000000027
39 40 -2.5116022294737106
39 41 -3.1602874999999999
39 43 -1.9009985491795480
39 45 -2.3986297010721493
39 46 -0.4921463197058372
39 47 1.5584110388469403
39 48 2.0541627955500079
39 49 -2.5116022294737106
39 50 -1.7096958900278663
40 1 -2.3986297010721493
40 3 1.9009985491795480
40 4 -1.9009985491795480
40 9 0.9007550000000002
40 14 -1.9009985491795480
40 16 1.0522650000000002
40 17 -1.9530200000000002
40 25 1.7342150334467601
40 26 0.7982485491795480
40 27 -1.2256337924518885
40 36 0.4921463197058372
40 37 -0.8524224304885460
40 38 0.0770250000000002
40 39 -2.5116022294737106
40 40 -5.3826375000000022
40 42 -3.1602874999999999
40 44 1.9009985491795480
40 45 -1.9009985491795480
40 46 2.6208250000000004
40 47 0.9343764587781258
40 48 -0.1015004836068173
40 49 -1.0789250000000006
40 50 -2.0024990327863650
41 0 -3.7638586855778735
41 5 -3.1602874999999999
41 7 0.9343764587781258
41 8 1.5419000000000000
41 13 -1.1027499999999999
41 18 -1.9009985491795480
41 20 -1.1027499999999999
41 28 1.5584110388469403
41 29 1.1027500000000001
41 31 1.0430999999999997
41 36 1.5419000000000000
41 37 0.9343764587781258
41 39 -3.1602874999999999
41 41 -4.5142750000000014
41 42 -1.9009985491795480
41 43 -1.9009985491795480
41 44 3.7638586855778735
41 45 -3.7638586855778735
41 46 1.1027500000000001
41 47 1.5584110388469403
41 49 -1.9009985491795480
42 1 -3.7638586855778735
42 5 -1.9009985491795480
42 7 -0.1758039945998195
42 9 -1.5419000000000000
42 14 -1.1027499999999999
42 18 -1.9530200000000002
42 21 -1.1027499999999999
42 28 -1.2256337924518885
42 30 -1.1027500000000001
42 32 1.0430999999999997
42 36 -1.1027500000000001
42 37 -0.8524224304885460
42 40 -3.1602874999999999
42 41 -1.9009985491795480
42 42 -6.4174074999999995
42 43 -1.0019000000000002
42 44 0.7982485491795481
42 45 -1.1027499999999999
42 46 -3.0144499999999992
42 47 0.0667056067264966
42 50 -1.9009985491795480
43 2 -3.7638586855778735
43 6 -3.1602874999999999
43 7 -0.8524224304885460
43 8 -1.1027500000000001
43 15 -1.1027499999999999
43 19 -1.9009985491795480
43 22 -1.1027499999999999
43 28 0.0667056067264966
43 29 -3.0144499999999992
43 33 1.0430999999999997
43 37 -0.1758039945998195
43 38 -1.5419000000000000
43 39 -1.9009985491795480
43 41 -1.9009985491795480
43 42 -1.0019000000000002
43 43 -6.4174074999999995
43 44 0.7982485491795481
43 45 -1.1027499999999999
43 47 -1.2256337924518885
43 48 -1.1027500000000001
43 49 -1.9530200000000002
44 3 -3.7638586855778735
44 6 1.9009985491795480
44 7 -0.5966341818903775
44 9 -1.1027500000000001
44 16 -1.1027499999999999
44 19 1.9530200000000002
44 23 -1.1027499999999999
44 28 -1.7342150334467601
44 30 -3.0144499999999992
44 34 1.0430999999999997
44 37 -0.5966341818903775
44 38 -1.1027500000000001
44 40 1.9009985491795480
44 41 3.7638586855778735
44 42 0.7982485491795481
44 43 0.7982485491795481
44 44 -9.3951399999999996
44 45 1.0430999999999997
44 47 -1.7342150334467601
44 48 -3.0144499999999992
44 50 1.9530200000000002
45 4 -3.7638586855778735
45 5 -2.3986297010721493
45 6 -1.9009985491795480
45 8 1.3652289845057246
45 9 0.7982485491795480
45 17 -1.1027499999999999
45 18 -1.9009985491795480
45 19 -1.0522650000000002
45 24 -1.1027499999999999
45 29 0.7982485491795480
45 30 -0.0091650000000001
45 35 1.0430999999999997
45 36 1.3652289845057246
45 38 0.7982485491795480
45 39 -2.3986297010721493
45 40 -1.9009985491795480
45 41 -3.7638586855778735
45 42 -1.1027499999999999
45 43 -1.1027499999999999
45 44 1.0430999999999997
45 45 -15.4057099999999991
45 46 0.7982485491795480
45 48 -0.0091650000000003
45 49 -1.9009985491795480
45 50 -1.0522650000000002
46 10 -1.9009985491795480
46 13 -1.3652289845057246
46 14 0.7982485491795480
46 17 -1.5419000000000000
46 18 0.9007550000000002
46 25 -1.9100190280465792
46 31 -0.7982485491795480
46 32 -0.0091650000000001
46 35 -1.1027500000000001
46 36 -0.4921463197058370
46 38 -1.0789250000000006
46 39 -0.4921463197058372
46 40 2.6208250000000004
46 41 1.1027500000000001
46 42 -3.0144499999999992
46 45 0.7982485491795480
46 46 -4.8256800000000002
46 47 -0.8676708520516290
46 48 -1.0012495163931825
46 49 0.0770250000000002
46 50 0.1015004836068173
47 11 -1.9009985491795480
47 12 -3.1602874999999999
47 13 -0.5966341818903775
47 14 -0.8524224304885460
47 15 -0.1758039945998195
47 16 0.9343764587781258
47 26 -1.9100190280465792
47 31 -1.7342150334467601
47 32 0.0667056067264966
47 33 -1.2256337924518885
47 34 1.5584110388469403
47 37 -1.5103527130805283
47 39 1.5584110388469403
47 40 0.9343764587781258
47 41 1.5584110388469403
47 42 0.0667056067264966
47 43 -1.2256337924518885
47 44 -1.7342150334467601
47 46 -0.8676708520516290
47 47 -7.5129799999999989
47 48 -1.9100190280465792
47 49 -1.2256337924518885
47 50 -0.1758039945998195
48 10 -2.3986297010721493
48 15 1.3652289845057246
48 16 0.7982485491795480
48 17 -1.1027500000000001
48 19 -0.9007550000000002
48 27 -1.9100190280465792
48 33 0.7982485491795480
48 34 -0.0091650000000001
48 35 -3.0144499999999992
48 36 -1.7096958900278663
48 38 -1.0012495163931823
48 39 2.0541627955500079
48 40 -0.1015004836068173
48 43 -1.1027500000000001
48 44 -3.0144499999999992
48 45 -0.0091650000000003
48 46 -1.0012495163931825
48 47 -1.9100190280465792
48 48 -8.7058499999999981
48 49 -0.1015004836068173
48 50 -2.3159950000000000
49 20 -2.3986297010721493
49 22 -1.9009985491795480
49 24 -3.1602874999999999
49 25 -0.8524224304885460
49 26 0.7982485491795480
49 27 0.9343764587781258
49 29 0.9007550000000002
49 31 1.9009985491795480
49 33 1.0522650000000002
49 35 1.9009985491795480
49 36 0.4921463197058372
49 37 1.7342150334467601
49 38 2.6208250000000004
49 39 -2.5116022294737106
49 40 -1.0789250000000006
49 41 -1.9009985491795480
49 43 -1.9530200000000002
49 45 -1.9009985491795480
49 46 0.0770250000000002
49 47 -1.2256337924518885
49 48 -0.1015004836068173
49 49 -5.3826375000000013
49 50 -2.0024990327863650
50 21 -2.3986297010721493
50 23 1.9009985491795480
50 24 -1.9009985491795480
50 25 0.5966341818903775
50 26 1.3652289845057246
50 27 -0.1758039945998195
50 30 -0.9007550000000002
50 32 1.9009985491795480
50 34 -1.0522650000000002
50 35 1.9530200000000002
50 36 2.0541627955500079
50 37 0.5966341818903775
50 38 0.1015004836068173
50 39 -1.7096958900278663
50 40 -2.0024990327863650
50 42 -1.9009985491795480
50 44 1.9530200000000002
50 45 -1.0522650000000002
50 46 0.1015004836068173
50 47 -0.1758039945998195
50 48 -2.3159950000000000
50 49 -2.0024990327863650
50 50 -6.5829900000000023
